UWRLWHM.^0
,108,0.2,16,3,1.292937938896682,1.251439608876997,0.9319708990140111,0.9161891243187765,0.9467424115075119,0.9445878574680366,0.779620371270141,0.5,1.2799872490422715,0.5834188030130587,1.3724274572463697,0.7757454674017683,0.7228439846950913,0.8600424989126139,0.7780799024113577,0.5255178983581943,1.1310226974698478,1.4124756942886816,0.5,1.020076792921293,1.4896934782103475,0.5,1.412687451286003,0.7079949083566449,0.5,0.5,1.097218820508301,1.397202411484792,0.7737592332855885,1.477764175630282,0.7003127753996751,0.8930531027762074,0.7029073840595249,0.5634069528034944,0.5,1.0013990736766178,1.2937108085649358,0.7846264667000217,0.5,0.7175521661088483,1.3955015665538035,1.1400882898966533,1.1283231841588406,0.6220583653864737,0.581928161392906,0.845491932757,1.3381117493348547,0.7461266789220483,0.8436988128689383,1.296705793888553,0.5,1.1137566485730153,0.6461954248082402,1.402390560133155,0.7468028884148229,0.5,1.3932098853007995,0.5,0.6101043232585112,1.3430108220110464,1.4961864938237213,0.5270018428161306,1.1649984980110215,0.5,1.3412065467373853,0.6487124521460704,0.5,1.0172698392282018,0.6754591001849188,0.5,0.940661221441082,1.1881200108192087,0.5,0.5,0.5220410563987578,0.8064264657053419,1.1987334930585865,0.5,0.8774983888040678,0.5,0.5,0.6337664629302449,0.8785366700124164,0.8917565658142926,1.1529094746553783,0.6847051866196633,0.5,1.4866940184889386,0.6412321144515147,0.8405263555337995,1.1835352807523982,0.7220059983859636,0.9955508980913782,0.5,0.905200412574472,0.5,1.1466525830289487,0.5577564336643882,1.5,0.5,1.0175406794307325,0.9226771261414803,0.5050358820146411,1.41887916688612,1.0744224611748647,1.5,1.408564859133537,1.1303153764516622,1.2879150811565376,1.0094606738412275,1.2409302060203253,0.8245698325090607,1.094950881943404,0.8908653304427978,0.5810016748778064,0.8650280682411084,0.7881643325896183,0.8829348561404516,0.6703319677111259,0.5959116792631233,1.3683076746462643,0.8858477131733806,0.5833222716468726,0.5810277588660544,0.8161628391688204,1.5,1.1899492173975696,1.5,0.925637443123633,1.064254257906959,0.6409907487018861,1.352940760298798,1.0318244330208808,1.3700400770339907,0.9955787115109155,1.3876269687122185,0.833957961361276,1.3081239901606003,0.5254505242690207,1.333530526716465,1.192878227451304,0.5,1.151467235495758,1.223049479050673,
 SCORE: -313.1666218971241
 GENERATIONC: 10
 MAX_ITER: 1000
 CREATURES: 100
 DRAG: 0.99
 GROUND_DRAG: 0.1
 GRAVP: -0.1
 FLOOR_HEIGHT: 30.0
 SCORING_CASE: XFAR