HTGEMAL...
,100,0.5,16,3,1.2101268926069872,0.6782904659519884,0.5,0.5,0.5727255462927979,0.8181194040772206,1.2633578589836716,1.3430836843804703,1.1824043175808954,0.6912188959809923,0.8300669431381523,0.5,1.4413623370796569,0.6215106212682028,0.5,1.0452763061101213,0.7093879132476933,1.310542005550647,0.6403998584081955,0.5,1.4767715880517298,0.8327345619209338,1.1943652766313058,0.971871028352258,0.666882394927767,1.4828190511827724,0.8140375980708962,0.5,1.198555414343553,0.7866900996000215,0.9579129653380141,0.8912228803449979,1.3793490775113384,0.5541302826266133,0.8712358440839222,1.430374678449493,0.5137297365583189,0.6428085181259816,0.5511881892014856,0.5,1.1370917597956578,0.5,1.4190518048999021,0.5994971002802691,0.5211865675285484,0.5494932513264326,0.5,1.0493093976830346,0.6857470254979574,0.5,1.0396251210845349,0.5,1.1504944215885733,0.5522515942447611,1.3547963395410307,0.5,0.9945450347455992,1.047365635509618,0.5029919184843459,0.5,0.9914687964220668,0.7919948758572659,0.985060095829397,0.7142756323688585,0.675710865582183,0.5,0.7083420083183996,0.853319391759612,1.3656692026776889,0.5,0.6110627503561165,1.3587548852931193,0.5,0.5242740211636534,1.5,0.5,1.4477022100865853,0.954118621742658,0.6076425719788913,1.3156473649788603,1.3984751919658822,1.2528895097919737,1.2889966625913534,0.5560065422048852,0.5,0.5,0.7243167129493712,1.0930728171633581,0.5349835891389497,1.015159980649842,0.9052963888252922,1.400752674622963,1.2114051657341094,1.019986695751502,0.5,1.09441632009825,0.8533872212739292,1.2772185541389574,0.8707978705136242,0.5,0.860749673988748,1.173764246037421,0.9626125328810026,0.5,0.9755667500982446,0.9409647229987304,1.5,0.5,1.448138658959757,1.1873920557999385,1.4064489570829366,1.5,1.4461819842736854,1.4572828892266922,0.9438806549916823,1.5,1.085641038388801,0.630128689094894,1.0978493258942312,1.1899486277867384,0.5,0.5653512730256809,1.5,0.8510319868786395,0.9209962377183557,0.7401993006926595,0.876622737071954,1.1923279631809476,1.3432677301725562,0.971644413055919,0.7292442712658163,0.9221251215767708,0.6340317810141156,0.6586489683299716,0.528062760744823,1.0984814194767227,1.1760829924719138,0.5,0.6497071773747675,1.2839067802235067,1.2749660266643987,0.9809645916345692,1.5,1.3574562534172663,
 SCORE: -131.32876100510015
 GENERATIONC: 10
 MAX_ITER: 1000
 CREATURES: 100
 DRAG: 0.99
 GROUND_DRAG: 0.1
 GRAVP: -0.1
 FLOOR_HEIGHT: 30.0
 SCORING_CASE: XFAR