NYBKFBC^.473
,100,0.5,16,3,0.5,0.6374907620685702,0.5,0.5,0.5,0.5,0.5,0.8999748122255876,1.1644668040708694,1.4802588497613502,0.5,0.5,0.6009563408012102,0.7540441381869164,0.5,0.5,0.5,1.287127180388323,0.5,0.5,1.1741375414007602,0.5,0.5522719619200517,0.5,0.5,0.5966312618410832,0.6692681355602353,0.5357479185666467,0.5,0.5763841084192457,0.5,0.5,0.8309257546805069,1.4959850774950554,0.5,0.5,0.5,0.5,0.5,0.929505531777894,0.5,0.7116136848084319,0.5,0.6545895310705783,0.5,0.9181712844537643,0.5,0.5,0.5,0.8328434503855847,0.6784154148450442,0.5243646350525365,0.5,0.5,0.5,0.5,1.3157703479701672,0.7026563345191511,0.5,0.5,0.7173162834026329,0.5,0.5,1.2805545576680835,0.5,0.6308245575246216,0.5,0.5,1.027358099132977,0.8816077020836764,0.5,0.5,0.5,0.5,0.5,1.3993442742220599,0.5,0.5,0.5,0.6446979033701197,0.5668892295466383,0.8178095351838126,1.2170762935358361,0.5,0.5,0.5717869212487972,0.814544425662747,1.232192363000819,0.5,0.5,0.5,0.5,0.5,0.5,1.1184729217461284,0.5666949053267595,0.655512149643525,1.1411962869662382,0.5006477488811354,0.9323682966752097,0.5,0.6585778994975839,0.867358085474361,1.1096477558442084,1.1823096001970013,0.9671625507949854,1.0216040867813514,0.5,0.5162402738350289,1.4439697630501875,1.5,1.5,1.5,0.972075778297218,1.4019514070931771,0.5,0.5636743399560173,0.5506694949744062,0.5236561309869275,0.5456534214216517,0.5858470271993504,1.5,0.5271054674212022,1.1335408023133802,1.1236671278926516,0.9071439953919431,0.8475641224233844,1.5,1.4589502172469104,0.6565720652639998,0.5,1.256611035495093,0.5505131332966487,0.5,0.5,0.8058372029990688,1.416686062614672,1.3608976113485358,0.7056299695745912,0.7212422005242167,0.5,0.7654308522245996,1.3061260666833725,1.5,
 SCORE: -212.9709684483849
 GENERATIONC: 500
 MAX_ITER: 1000
 CREATURES: 200
 DRAG: 0.99
 GROUND_DRAG: 0.1
 GRAVP: -0.1
 FLOOR_HEIGHT: 30.0
 SCORING_CASE: XFAR