NYBRUHW^.274
,95,0.5,16,3,1.089822580021539,1.418173837984774,0.5,1.3222847039328278,1.2470300236976155,0.5,0.7593559943103511,0.8999748122255876,1.258688650791731,1.4802588497613502,0.5,0.7528213328660306,0.6009563408012102,1.1741536529492727,0.5,0.5,0.5,1.287127180388323,0.7906004194764289,0.5,0.9867740132724826,0.5,0.5,0.5,0.5,0.5,0.5,0.5357479185666467,0.5,0.5,0.5,0.5,0.8309257546805069,1.1296861570637904,0.5,0.5649510495558878,0.7311165144479739,0.5,0.5,0.929505531777894,0.5,0.5,0.5826269366831137,0.9073228328696481,0.5,0.9181712844537643,0.8061983486792516,0.5,0.625848649530099,1.2782000183846223,0.5,0.8489146397880081,0.7975689028027366,0.5,0.8866128149228224,0.5,1.405258714066154,0.7026563345191511,0.5,0.5,0.7173162834026329,1.0770842804275762,0.5,0.551829860610799,0.6491275226438343,0.6308245575246216,1.0167812965726202,0.5,1.362665188910404,1.5,0.5,0.5,0.5,0.5,0.6188738785026886,1.3993442742220599,0.5,0.5,0.5,0.5,0.5668892295466383,0.8911262341051484,1.4491981010004193,0.5,0.5557376161868501,0.5,0.5,1.232192363000819,0.5,0.5,0.5,0.7031928124358133,0.5,0.5,1.3781703213653982,0.5,0.6398911012688506,0.6936946788474642,0.5,0.5008678482324861,0.7215786587879968,0.8066451495569301,1.0721098104608078,1.1096477558442084,1.4868425526548523,0.9671625507949854,1.1367859636885058,0.6495314422326094,0.5162402738350289,1.4335499692410196,0.9755700816669033,1.5,0.8961707363766324,0.972075778297218,1.2769928510210713,0.6391291515384715,0.8851073561214745,0.5005851927221548,1.0974107242311442,0.8369371719304554,0.5858470271993504,1.413219557050093,0.5,1.1335408023133802,1.3649606827582148,1.0955196406119923,0.5,1.3466162423650592,1.4589502172469104,1.0678377132430223,0.7004127684609438,0.9724083321233805,0.5,0.5278828048111028,0.8723139988671846,0.8058372029990688,0.7834347058692802,1.5,0.5598009365698154,1.3633721953194082,0.5,0.7654308522245996,1.3446167039907437,1.3164657131869228,
 SCORE: 1117.673238367382
 GENERATIONC: 500
 MAX_ITER: 1000
 CREATURES: 200
 DRAG: 0.99
 GROUND_DRAG: 0.1
 GRAVP: -0.1
 FLOOR_HEIGHT: 30.0
 SCORING_CASE: XFAR