EBFUSUD.!!
,91,0.3501511569149547,16,3,1.313322715534007,1.2718954601329724,1.2673107970196331,0.7514322684905466,0.8228760091586909,0.5052261418101394,1.3805508789651815,0.682635927360634,1.0189574338292071,1.5,1.1273983923757847,0.5358783939464457,0.5161238718847491,1.345728904978425,0.5,0.6207832236290673,1.3139275635619083,1.097460720976028,1.1728822347427292,1.0505693180418478,0.5,0.5323233338149574,0.5,0.5,0.5,0.6450343614820553,1.3350946416435125,0.5,0.944395277864501,0.7699292355620322,0.5,0.6873153702514968,0.8559401969585184,1.2022581365861131,0.5,1.1515556978630244,1.1533698763363258,1.0228755380895076,0.9525542678001827,0.5,0.5,0.7232538322713339,0.8545706868581117,0.7011875862811697,0.6732317162995273,0.6625957453330605,0.8312095514393767,0.8392725473026419,0.5,1.4954858126479107,0.9011599068310235,0.9489466458707477,1.2814355074491857,0.7912432231743499,0.5,1.3358455023645197,1.2625312627273462,0.5,1.2514446270450579,0.7760249884684661,1.3711515175614362,0.7225731547777402,0.881927030771445,0.5915021267593756,0.6787152332627612,1.3125573845365297,0.9038343869244743,0.5,0.5,0.9211328716879931,1.2791254114600283,0.8702437845846378,0.5,1.158745314675077,0.9827516030220056,0.5,0.5,0.5930454386543347,0.5,1.23133215268956,0.5,1.247242710626359,0.7499172945776535,0.9536125896966083,1.0486352441413076,0.7211797833579252,0.7036435354438659,0.5,0.5,1.4360319117271971,0.8239348876536472,1.1496222295201297,0.6497418107041637,0.5,0.7495637214110286,0.689780315691462,0.7638454708828769,1.422941818841893,0.9076484145929236,1.119501166393902,1.5,0.8157322909697121,0.9831847459897552,0.670371770152974,1.2822701826080873,1.0146975151853481,0.9261293654034286,1.4181103184944823,0.5980704656729849,1.4364464153461332,1.0319647381308465,0.6766152944130522,0.9031670267612425,1.0106884503019857,0.9338689141439022,1.2826490848314052,1.0540621195504736,0.9321847267897757,0.6029370609355462,1.1845139100515218,0.6002273329190361,1.0878346760450048,1.3128497682264537,0.6981349202109126,1.3156954490933015,0.9211049494414358,0.9278793849732354,0.8680634472017769,1.3119817636917812,0.7662497488107237,1.5,1.193142649273628,0.6757406193043051,1.0666946033012032,0.5559732138877047,0.9183220747517221,0.6479715499096705,1.121815725773091,1.2346218700930796,0.7503358510988938,0.796665673744318,1.5,0.7082182778098127,1.3406749737975576,
 SCORE: 658.7150274659348
 GENERATIONC: 10
 MAX_ITER: 1000
 CREATURES: 100
 DRAG: 0.99
 GROUND_DRAG: 0.1
 GRAVP: -0.1
 FLOOR_HEIGHT: 30.0
 SCORING_CASE: XFAR